380.0 3.60195698893135
385.0 3.688290512570817
390.0 3.801990175239215
395.0 3.941542846164223
400.0 4.105143120800831
405.0 4.290762744425217
410.0 4.496216309615653
415.0 4.719221543997046
420.0 4.9574530893141695
425.0 5.2085891749587105
430.0 5.470351002169833
435.0 5.7405349795031935
440.0 6.01703819112217
445.0 6.297877645764001
450.0 6.581203956624715
455.0 6.865310152392833
460.0 7.14863632855124
465.0 7.42977082630526
470.0 7.707448583262652
475.0 7.980547243007803
480.0 8.248081546208782
485.0 8.509196458691628
490.0 8.763159425572965
495.0 9.009352077545323
500.0 9.247261657362909
505.0 9.476472382387021
510.0 9.696656913101776
515.0 9.907568057796606
520.0 10.10903080986666
525.0 10.300934785967101
530.0 10.483227110040962
535.0 10.65590576944496
540.0 10.81901345444928
545.0 10.972631880727024
550.0 11.11687658556486
555.0 11.251892181950154
560.0 11.377848050009522
565.0 11.494934442128615
570.0 11.60335897616404
575.0 11.70334349020424
580.0 11.79512123212701
585.0 11.878934357555984
590.0 11.955031710589662
595.0 12.023666862741715
600.0 12.085096386798012
605.0 12.139578343684528
610.0 12.187370961894887
615.0 12.228731490500191
620.0 12.263915208222569
625.0 12.293174572474555
630.0 12.31675849362861
635.0 12.334911721075773
640.0 12.347874328850033
645.0 12.355881289732523
650.0 12.35916212780652
655.0 12.357940640409018
660.0 12.35243468132237
665.0 12.342855997870728
670.0 12.329410115336177
675.0 12.31229626279187
680.0 12.291707335069864
685.0 12.267829886141834
690.0 12.240844149699319
695.0 12.210924083177673
700.0 12.178237431880271
705.0 12.142945810231641
710.0 12.105204797520846
715.0 12.065164045796568
720.0 12.022967397843418
725.0 11.978753013409563
730.0 11.932653502070991
735.0 11.884796061310134
740.0 11.835302618558249
745.0 11.784289976104915
750.0 11.731869957914292
755.0 11.6781495575104
760.0 11.623231086202287
765.0 11.567212321016216
770.0 11.510186651789027
775.0 11.452243226952579
780.0 11.38478326952579